220    0.085141
221    0.143291
222    0.190745
223    0.230646
224    0.265252
225    0.296047
226    0.323994
227    0.349738
228    0.373719
229    0.396255
230    0.417576
231    0.437861
232    0.457247
233    0.475844
234    0.493741
235    0.511012
236    0.527717
237    0.543910
238    0.559635
239    0.574929
240    0.589827
241    0.604358
242    0.618548
243    0.632419
244    0.645993
245    0.659287
246    0.672319
247    0.685102
248    0.697652
249    0.709979
250    0.722096
251    0.734013
252    0.745740
253    0.757285
254    0.768657
255    0.779863
256    0.790910
257    0.801805
258    0.812554
259    0.823163
260    0.833636
261    0.843980
262    0.854198
263    0.864296
264    0.874277
265    0.884145
266    0.893905
267    0.903559
268    0.913111
269    0.922564
270    0.931921
271    0.941185
272    0.950359
273    0.959445
274    0.968446
275    0.977364
Name: var_pred_mean, dtype: float64
